1125
1131
1132
1172
1325
1437
1437
1472
1473
1473
1473
1473
1473
1473
1473
1473
1492
1492
1510
1510
1510
1510
1510
152
1525
1537
1537
1577
1651
1652
1692
1722
1722
1722
1909
191
191
2041
2192
2192
2200
2200
2200
2206
2228
228
2316
2362
2362
2374
2374
2400
2440
2443
2443
2443
2476
2504
2523
2523
2532
2532
2532
2532
2532
2532
2532
2532
2532
2532
2532
2532
2532
2532
2532
2532
2532
2532
2532
2532
2532
281
2854
2925
2937
2993
3004
3004
3004
3022
3144
3195
32
3326
3326
3326
3326
3340
3361
3528
3528
3588
3588
3588
3588
3588
3588
3588
3588
3588
3588
3588
3588
3588
3588
3588
3588
3588
3588
3588
3588
3588
3588
3588
3588
3588
3592
3745
3754
3754
3754
3754
3754
3756
3762
3767
3775
3777
3777
3777
3777
3779
3785
3788
3811
3844
3962
4016
4103
4145
4147
4147
4151
4314
4434
4442
4448
455
4750
4771
4771
4771
4771
4771
4771
4823
5005
5100
5101
5185
5319
5368
5456
5513
5532
5553
5593
5593
5593
5613
59
746
846
846
846
846
846
991